TIME	AI	RI	AE	RE	kvarh_q1	kvarh_q2	kvarh_q3	kvarh_q4	I1	I2	I3	V1	V2	V3	F
00:00	3.27000	3.27000	0.00000	0.00000	0.00000	0.00000	0.00000	1.07000	17.00000	8.80000	1.60000	250.03999	249.73999	249.53000	0.00000
00:30	3.25000	3.25000	0.00000	0.00000	0.00000	0.00000	0.00000	1.06000	17.00000	8.60000	1.60000	250.22000	249.92999	249.73000	0.00000
01:00	3.24000	3.24000	0.00000	0.00000	0.00000	0.00000	0.00000	1.07000	17.00000	8.50000	1.60000	250.54999	250.25999	250.12000	0.00000
01:30	3.23000	3.23000	0.00000	0.00000	0.00000	0.00000	0.00000	1.07000	17.00000	8.30000	1.60000	250.98000	250.70000	250.53999	0.00000
02:00	3.22000	3.22000	0.00000	0.00000	0.00000	0.00000	0.00000	1.07000	16.90000	8.30000	1.70000	251.47000	251.17999	250.92999	0.00000
02:30	3.28000	3.28000	0.00000	0.00000	0.00000	0.00000	0.00000	1.08000	16.90000	8.90000	1.60000	251.00999	250.72000	250.42999	0.00000
03:00	3.30000	3.30000	0.00000	0.00000	0.00000	0.00000	0.00000	1.10000	16.70000	9.30000	1.60000	251.28000	250.98000	250.61000	0.00000
03:30	3.32000	3.32000	0.00000	0.00000	0.00000	0.00000	0.00000	1.10000	16.60000	9.40000	1.70000	251.59999	251.31000	250.81999	0.00000
04:00	3.33000	3.33000	0.00000	0.00000	0.00000	0.00000	0.00000	1.11000	16.60000	9.50000	1.70000	251.84000	251.54999	251.06999	0.00000
04:30	3.32000	3.32000	0.00000	0.00000	0.00000	0.00000	0.00000	1.10000	16.70000	9.50000	1.60000	250.51999	250.22000	249.81999	0.00000
05:00	3.30000	3.30000	0.00000	0.00000	0.00000	0.00000	0.00000	1.09000	16.70000	9.40000	1.60000	250.00999	249.70999	249.34999	0.00000
05:30	3.30000	3.30000	0.00000	0.00000	0.00000	0.00000	0.00000	1.07000	16.60000	9.40000	1.60000	249.31000	249.00000	248.59999	0.00000
06:00	3.31000	3.31000	0.00000	0.00000	0.00000	0.00000	0.00000	1.06000	16.90000	9.60000	1.70000	246.67999	246.36000	246.03999	0.00000
06:30	3.31000	3.31000	0.00000	0.00000	0.00000	0.00000	0.00000	1.05000	17.10000	9.70000	1.70000	243.73000	243.42000	243.11000	0.00000
07:00	3.30000	3.30000	0.00000	0.00000	0.00000	0.00000	0.00000	1.03000	17.20000	9.80000	1.70000	241.09999	240.76999	240.70000	0.00000
07:30	3.51000	3.51000	0.00000	0.00000	0.00000	0.00000	0.00000	1.04000	16.40000	11.10000	1.70000	249.26999	248.92999	248.75000	0.00000
08:00	3.45000	3.45000	0.00000	0.00000	0.00000	0.00000	0.00000	1.03000	16.00000	11.10000	1.60000	249.08000	248.67999	248.59999	0.00000
08:30	3.84000	3.84000	0.00000	0.00000	0.00000	0.00000	0.00000	1.04000	16.10000	11.10000	4.90000	246.45999	246.01999	245.89000	0.00000
09:00	5.06000	5.06000	0.00000	0.00000	0.00000	0.00000	0.00000	1.17000	23.60000	11.40000	7.60000	243.92000	243.59000	243.73999	0.00000
09:30	6.08000	6.09000	0.00000	0.00000	0.00000	0.00000	0.00000	1.14000	28.90000	13.10000	10.10000	237.12000	236.84000	237.28000	0.00000
10:00	9.58000	9.58000	0.00000	0.00000	0.03000	0.00000	0.00000	0.68000	55.50000	14.30000	11.60000	235.90999	236.22000	237.75000	0.00000
10:30	11.66000	11.66000	0.00000	0.00000	0.04000	0.00000	0.00000	0.62000	70.70000	16.90000	11.40000	236.11000	236.89000	239.48000	0.00000
11:00	6.77000	6.77000	0.00000	0.00000	0.00000	0.00000	0.00000	1.14000	30.80000	16.80000	9.40000	239.62000	239.51999	240.25999	0.00000
11:30	6.60000	6.60000	0.00000	0.00000	0.00000	0.00000	0.00000	1.17000	29.10000	16.30000	9.80000	241.59999	241.50000	242.01999	0.00000
12:00	7.25000	7.25000	0.00000	0.00000	0.00000	0.00000	0.00000	1.14000	31.50000	17.40000	12.00000	240.20000	240.15999	240.54999	0.00000
12:30	6.77000	6.77000	0.00000	0.00000	0.00000	0.00000	0.00000	1.10000	27.20000	16.80000	12.30000	242.75000	242.62999	242.70000	0.00000
13:00	7.54000	7.54000	0.00000	0.00000	0.00000	0.00000	0.00000	1.33000	27.80000	17.20000	17.30000	244.61000	244.48000	244.89000	0.00000
13:30	7.51000	7.51000	0.00000	0.00000	0.00000	0.00000	0.00000	1.34000	27.80000	17.00000	17.20000	245.17000	245.01999	245.28999	0.00000
14:00	7.66000	7.66000	0.00000	0.00000	0.00000	0.00000	0.00000	1.27000	27.50000	17.70000	17.60000	246.33000	246.17000	246.45000	0.00000
14:30	7.81000	7.81000	0.00000	0.00000	0.00000	0.00000	0.00000	1.23000	29.20000	17.20000	17.70000	245.36000	245.23999	245.62999	0.00000
15:00	7.88000	7.88000	0.00000	0.00000	0.00000	0.00000	0.00000	1.30000	30.90000	16.30000	18.00000	243.98000	243.92000	244.34999	0.00000
15:30	8.19000	8.19000	0.00000	0.00000	0.00000	0.00000	0.00000	1.29000	32.50000	16.40000	18.50000	245.00000	244.97000	245.45000	0.00000
16:00	8.47000	8.47000	0.00000	0.00000	0.00000	0.00000	0.00000	1.37000	35.90000	15.70000	18.30000	244.45000	244.53000	244.86000	0.00000
16:30	8.78000	8.78000	0.00000	0.00000	0.00000	0.00000	0.00000	1.44000	37.80000	17.50000	17.70000	242.62000	242.70000	243.31000	0.00000
17:00	7.91000	7.91000	0.00000	0.00000	0.00000	0.00000	0.00000	1.29000	32.00000	16.30000	17.60000	242.31000	242.26999	242.42000	0.00000
17:30	7.82000	7.81000	0.00000	0.00000	0.00000	0.00000	0.00000	1.23000	30.40000	16.10000	17.70000	245.34999	245.28000	245.48999	0.00000
