TIME	AI	RI	AE	RE	kvarh_q1	kvarh_q2	kvarh_q3	kvarh_q4	I1	I2	I3	V1	V2	V3	F
00:00	3.25000	0.00000	0.00000	0.00000	0.00000	0.00000	0.00000	0.00000	18.70000	7.40000	0.90000	255.34000	255.03999	254.87000	0.00000
00:30	3.20000	0.00000	0.00000	0.00000	0.00000	0.00000	0.00000	0.00000	18.40000	7.30000	0.90000	255.47000	255.20000	254.92000	0.00000
01:00	3.18000	0.00000	0.00000	0.00000	0.00000	0.00000	0.00000	0.00000	18.40000	7.20000	0.90000	254.84000	254.56000	254.28999	0.00000
01:30	3.18000	0.00000	0.00000	0.00000	0.00000	0.00000	0.00000	0.00000	18.20000	7.20000	0.90000	255.37999	255.09999	254.86000	0.00000
02:00	3.16000	0.00000	0.00000	0.00000	0.00000	0.00000	0.00000	0.00000	18.00000	7.10000	0.90000	255.61000	255.34999	255.09999	0.00000
02:30	3.34000	0.00000	0.00000	0.00000	0.00000	0.00000	0.00000	0.00000	18.30000	8.20000	0.90000	256.16000	255.95000	255.59000	0.00000
03:00	3.42000	0.00000	0.00000	0.00000	0.00000	0.00000	0.00000	0.00000	17.90000	9.30000	0.90000	256.56000	256.39999	255.84999	0.00000
03:30	3.36000	0.00000	0.00000	0.00000	0.00000	0.00000	0.00000	0.00000	18.00000	8.60000	0.90000	256.91998	256.75998	256.35001	0.00000
04:00	3.36000	0.00000	0.00000	0.00000	0.00000	0.00000	0.00000	0.00000	17.80000	8.90000	0.90000	256.92999	256.75998	256.23999	0.00000
04:30	3.34000	0.00000	0.00000	0.00000	0.00000	0.00000	0.00000	0.00000	17.90000	8.90000	0.90000	255.12999	254.95999	254.48999	0.00000
05:00	3.32000	0.00000	0.00000	0.00000	0.00000	0.00000	0.00000	0.00000	17.90000	8.70000	0.90000	253.89000	253.73000	253.28999	0.00000
05:30	3.22000	0.00000	0.00000	0.00000	0.00000	0.00000	0.00000	0.00000	18.20000	7.80000	0.90000	251.67000	251.51999	251.11000	0.00000
06:00	3.13000	0.00000	0.00000	0.00000	0.00000	0.00000	0.00000	0.00000	18.20000	7.40000	0.90000	249.70999	249.56000	249.23999	0.00000
06:30	3.08000	0.00000	0.00000	0.00000	0.00000	0.00000	0.00000	0.00000	18.40000	7.00000	0.90000	247.29999	247.14000	246.87000	0.00000
07:00	3.37000	0.00000	0.00000	0.00000	0.05000	0.00000	0.00000	0.00000	21.10000	6.90000	0.90000	244.81000	244.70999	244.84000	0.00000
07:30	5.50000	0.00000	0.00000	0.00000	0.32000	0.00000	0.00000	0.00000	39.50000	7.10000	0.90000	239.37000	239.62999	240.36000	0.00000
08:00	3.00000	0.00000	0.00000	0.00000	0.00000	0.00000	0.00000	0.00000	18.40000	7.20000	0.90000	237.43999	237.28000	237.23000	0.00000
08:30	2.97000	0.00000	0.00000	0.00000	0.00000	0.00000	0.00000	0.00000	18.40000	7.20000	0.80000	234.95000	234.78000	234.84000	0.00000
09:00	3.03000	0.00000	0.00000	0.00000	0.00000	0.00000	0.00000	0.00000	18.30000	7.50000	0.80000	236.76999	236.59999	236.79999	0.00000
09:30	4.01000	0.00000	0.00000	0.00000	0.00000	0.00000	0.00000	0.00000	22.70000	8.90000	1.90000	247.31999	247.22000	247.47000	0.00000
10:00	5.61000	0.00000	0.00000	0.00000	0.00000	0.00000	0.00000	0.00000	34.10000	8.90000	3.70000	244.59999	244.70000	245.20000	0.00000
10:30	6.92000	0.00000	0.00000	0.00000	0.00000	0.00000	0.00000	0.00000	43.70000	9.20000	4.60000	245.78999	246.06999	246.78999	0.00000
11:00	7.00000	0.00000	0.00000	0.00000	0.00000	0.00000	0.00000	0.00000	44.80000	9.00000	4.30000	245.90999	246.20999	247.22000	0.00000
11:30	6.84000	0.00000	0.00000	0.00000	0.00000	0.00000	0.00000	0.00000	39.50000	12.60000	4.30000	246.42999	246.54999	247.56000	0.00000
12:00	7.63000	0.00000	0.00000	0.00000	0.00000	0.00000	0.00000	0.00000	39.70000	15.40000	7.60000	247.14999	247.25000	247.95000	0.00000
12:30	7.74000	0.00000	0.00000	0.00000	0.00000	0.00000	0.00000	0.00000	40.30000	14.20000	8.70000	249.29999	249.42000	249.98000	0.00000
13:00	7.73000	0.00000	0.00000	0.00000	0.00000	0.00000	0.00000	0.00000	39.80000	14.40000	8.70000	249.59000	249.67999	250.23999	0.00000
13:30	7.72000	0.00000	0.00000	0.00000	0.00000	0.00000	0.00000	0.00000	40.20000	13.70000	8.70000	251.01999	251.15999	251.40999	0.00000
14:00	7.79000	0.00000	0.00000	0.00000	0.00000	0.00000	0.00000	0.00000	40.00000	13.90000	9.20000	250.95000	251.06999	251.53999	0.00000
14:30	7.70000	0.00000	0.00000	0.00000	0.00000	0.00000	0.00000	0.00000	38.60000	13.80000	10.50000	249.39000	249.47000	249.62000	0.00000
15:00	7.89000	0.00000	0.00000	0.00000	0.00000	0.00000	0.00000	0.00000	40.30000	14.00000	10.40000	247.95000	248.04999	248.25999	0.00000
15:30	7.57000	0.00000	0.00000	0.00000	0.00000	0.00000	0.00000	0.00000	38.40000	13.30000	10.40000	248.17999	248.22000	248.58000	0.00000
16:00	8.71000	0.00000	0.00000	0.00000	0.00000	0.00000	0.00000	0.00000	48.60000	12.20000	10.30000	248.51999	248.75000	249.67000	0.00000
16:30	7.54000	0.00000	0.00000	0.00000	0.00000	0.00000	0.00000	0.00000	39.10000	12.00000	10.30000	249.50999	249.54999	249.81999	0.00000
17:00	7.84000	0.00000	0.00000	0.00000	0.00000	0.00000	0.00000	0.00000	39.20000	14.50000	10.30000	249.15999	249.20999	249.56000	0.00000
17:30	7.86000	0.00000	0.00000	0.00000	0.00000	0.00000	0.00000	0.00000	38.70000	15.00000	10.40000	249.89000	249.92999	250.42000	0.00000
18:00	6.87000	0.00000	0.00000	0.00000	0.00000	0.00000	0.00000	0.00000	34.00000	11.80000	9.80000	252.26999	252.22000	252.54999	0.00000
18:30	6.12000	0.00000	0.00000	0.00000	0.00000	0.00000	0.00000	0.00000	30.30000	11.00000	8.50000	251.47000	251.34999	251.61000	0.00000
19:00	5.01000	0.00000	0.00000	0.00000	0.00000	0.00000	0.00000	0.00000	25.80000	8.70000	6.90000	249.73999	249.62000	249.39000	0.00000
19:30	3.87000	0.00000	0.00000	0.00000	0.00000	0.00000	0.00000	0.00000	23.30000	7.40000	1.30000	250.51999	250.39999	250.25000	0.00000
20:00	3.14000	0.00000	0.00000	0.00000	0.00000	0.00000	0.00000	0.00000	17.30000	7.30000	1.30000	253.17000	252.92000	252.36000	0.00000
20:30	3.12000	0.00000	0.00000	0.00000	0.00000	0.00000	0.00000	0.00000	16.90000	7.50000	1.30000	254.06999	253.83000	253.20999	0.00000
21:00	3.22000	0.00000	0.00000	0.00000	0.00000	0.00000	0.00000	0.00000	18.30000	7.30000	1.30000	250.59000	250.36000	249.78000	0.00000
21:30	3.21000	0.00000	0.00000	0.00000	0.00000	0.00000	0.00000	0.00000	18.40000	7.30000	1.30000	249.25999	249.00000	248.42999	0.00000
22:00	3.21000	0.00000	0.00000	0.00000	0.00000	0.00000	0.00000	0.00000	18.30000	7.20000	1.30000	250.34000	250.06999	249.43999	0.00000
22:30	3.22000	0.00000	0.00000	0.00000	0.00000	0.00000	0.00000	0.00000	18.50000	7.20000	1.30000	249.12000	248.86000	247.84000	0.00000
23:00	3.22000	0.00000	0.00000	0.00000	0.00000	0.00000	0.00000	0.00000	18.30000	7.20000	1.30000	250.37999	250.11000	249.20000	0.00000
23:30	3.21000	0.00000	0.00000	0.00000	0.00000	0.00000	0.00000	0.00000	18.20000	7.10000	1.30000	251.14000	250.87999	250.00999	0.00000
