TIME	AI	RI	AE	RE	kvarh_q1	kvarh_q2	kvarh_q3	kvarh_q4	I1	I2	I3	V1	V2	V3	F
00:00	3.23000	0.00000	0.00000	0.00000	0.00000	0.00000	0.00000	0.00000	18.30000	7.20000	1.30000	252.31999	252.06000	251.29999	0.00000
00:30	3.24000	0.00000	0.00000	0.00000	0.00000	0.00000	0.00000	0.00000	18.20000	7.20000	1.30000	252.87000	252.61000	252.17000	0.00000
01:00	3.22000	0.00000	0.00000	0.00000	0.00000	0.00000	0.00000	0.00000	18.10000	7.10000	1.30000	253.45000	253.18999	252.89999	0.00000
01:30	3.24000	0.00000	0.00000	0.00000	0.00000	0.00000	0.00000	0.00000	18.10000	7.20000	1.30000	254.28000	254.03000	253.73999	0.00000
02:00	3.24000	0.00000	0.00000	0.00000	0.00000	0.00000	0.00000	0.00000	18.00000	7.30000	1.30000	254.12999	253.87999	253.58000	0.00000
02:30	3.22000	0.00000	0.00000	0.00000	0.00000	0.00000	0.00000	0.00000	17.80000	7.30000	1.30000	254.39000	254.14000	253.79999	0.00000
03:00	3.21000	0.00000	0.00000	0.00000	0.00000	0.00000	0.00000	0.00000	17.80000	7.20000	1.30000	254.18999	253.92999	253.70000	0.00000
03:30	3.21000	0.00000	0.00000	0.00000	0.00000	0.00000	0.00000	0.00000	17.80000	7.30000	1.30000	254.00999	253.75000	253.58000	0.00000
04:00	3.20000	0.00000	0.00000	0.00000	0.00000	0.00000	0.00000	0.00000	17.80000	7.20000	1.30000	253.92000	253.65999	253.45999	0.00000
04:30	3.19000	0.00000	0.00000	0.00000	0.00000	0.00000	0.00000	0.00000	17.80000	7.20000	1.30000	253.45999	253.18999	252.92000	0.00000
05:00	3.20000	0.00000	0.00000	0.00000	0.00000	0.00000	0.00000	0.00000	17.80000	7.20000	1.30000	253.73999	253.47000	253.06999	0.00000
05:30	3.18000	0.00000	0.00000	0.00000	0.00000	0.00000	0.00000	0.00000	17.80000	7.20000	1.30000	252.67000	252.37999	251.93999	0.00000
06:00	3.17000	0.00000	0.00000	0.00000	0.00000	0.00000	0.00000	0.00000	17.90000	7.20000	1.30000	250.62000	250.31999	249.95000	0.00000
06:30	3.17000	0.00000	0.00000	0.00000	0.00000	0.00000	0.00000	0.00000	18.00000	7.20000	1.30000	249.79999	249.48999	249.20000	0.00000
07:00	3.17000	0.00000	0.00000	0.00000	0.00000	0.00000	0.00000	0.00000	18.20000	7.30000	1.30000	246.98999	246.67999	246.22000	0.00000
07:30	3.14000	0.00000	0.00000	0.00000	0.00000	0.00000	0.00000	0.00000	18.40000	7.30000	1.30000	242.42000	242.11000	241.84000	0.00000
08:00	3.13000	0.00000	0.00000	0.00000	0.00000	0.00000	0.00000	0.00000	18.40000	7.40000	1.30000	240.40999	240.08000	239.61000	0.00000
08:30	3.39000	0.00000	0.00000	0.00000	0.00000	0.00000	0.00000	0.00000	19.70000	7.90000	1.90000	238.28999	237.97000	237.53000	0.00000
09:00	4.28000	0.00000	0.00000	0.00000	0.00000	0.00000	0.00000	0.00000	26.80000	8.40000	2.10000	235.34999	235.14000	235.28999	0.00000
09:30	5.62000	0.00000	0.00000	0.00000	0.00000	0.00000	0.00000	0.00000	33.00000	11.00000	3.70000	239.68999	239.54999	240.51999	0.00000
10:00	6.73000	0.00000	0.00000	0.00000	0.00000	0.00000	0.00000	0.00000	39.40000	11.50000	5.70000	242.70999	242.70999	243.78999	0.00000
10:30	8.08000	0.00000	0.00000	0.00000	0.00000	0.00000	0.00000	0.00000	45.60000	13.50000	8.90000	242.90999	243.03999	244.47000	0.00000
11:00	7.44000	0.00000	0.00000	0.00000	0.00000	0.00000	0.00000	0.00000	40.20000	13.20000	9.00000	243.86000	243.87000	244.95000	0.00000
11:30	8.04000	0.00000	0.00000	0.00000	0.00000	0.00000	0.00000	0.00000	40.30000	13.90000	12.50000	244.95000	245.03999	245.84999	0.00000
12:00	9.77000	0.00000	0.00000	0.00000	0.02000	0.00000	0.00000	0.00000	55.80000	13.30000	11.90000	244.31000	244.72000	245.97000	0.00000
12:30	12.35000	0.00000	0.00000	0.00000	0.14000	0.00000	0.00000	0.00000	75.50000	13.70000	12.90000	244.20999	245.03000	247.23999	0.00000
13:00	8.03000	0.00000	0.00000	0.00000	0.00000	0.00000	0.00000	0.00000	39.40000	14.40000	13.60000	241.95000	242.00999	242.34999	0.00000
13:30	8.66000	0.00000	0.00000	0.00000	0.00000	0.00000	0.00000	0.00000	40.80000	16.30000	14.00000	247.14999	247.26999	247.58000	0.00000
14:00	8.38000	0.00000	0.00000	0.00000	0.00000	0.00000	0.00000	0.00000	38.50000	16.40000	13.70000	247.89000	247.97000	248.14999	0.00000
14:30	8.70000	0.00000	0.00000	0.00000	0.00000	0.00000	0.00000	0.00000	39.90000	17.50000	14.30000	245.83000	245.87999	246.08000	0.00000
15:00	8.74000	0.00000	0.00000	0.00000	0.00000	0.00000	0.00000	0.00000	39.60000	17.10000	16.10000	243.90999	243.95000	244.04999	0.00000
15:30	8.91000	0.00000	0.00000	0.00000	0.00000	0.00000	0.00000	0.00000	39.30000	13.90000	20.90000	243.97000	244.03999	243.87999	0.00000
16:00	8.40000	0.00000	0.00000	0.00000	0.00000	0.00000	0.00000	0.00000	35.90000	12.90000	20.70000	246.29999	246.34999	246.12000	0.00000
16:30	9.18000	0.00000	0.00000	0.00000	0.00000	0.00000	0.00000	0.00000	43.30000	12.70000	20.40000	244.03999	244.23999	244.23999	0.00000
17:00	8.70000	0.00000	0.00000	0.00000	0.00000	0.00000	0.00000	0.00000	37.80000	13.90000	20.60000	244.53000	244.59999	244.15999	0.00000
17:30	9.02000	0.00000	0.00000	0.00000	0.00000	0.00000	0.00000	0.00000	40.40000	13.20000	20.70000	246.39000	246.50999	245.92999	0.00000
18:00	8.76000	0.00000	0.00000	0.00000	0.00000	0.00000	0.00000	0.00000	37.50000	13.10000	20.70000	248.98000	248.98999	248.20999	0.00000
18:30	8.23000	0.00000	0.00000	0.00000	0.00000	0.00000	0.00000	0.00000	32.60000	13.30000	20.10000	253.62000	253.53999	252.68999	0.00000
19:00	6.40000	0.00000	0.00000	0.00000	0.00000	0.00000	0.00000	0.00000	24.80000	12.10000	16.30000	246.23000	246.00000	244.92999	0.00000
19:30	5.55000	0.00000	0.00000	0.00000	0.00000	0.00000	0.00000	0.00000	20.30000	12.70000	13.50000	244.48999	244.14999	243.23000	0.00000
20:00	3.62000	0.00000	0.00000	0.00000	0.00000	0.00000	0.00000	0.00000	16.80000	10.30000	3.40000	247.03999	246.75000	246.59000	0.00000
20:30	3.40000	0.00000	0.00000	0.00000	0.00000	0.00000	0.00000	0.00000	17.60000	9.60000	1.60000	247.34999	247.09999	246.95000	0.00000
21:00	3.38000	0.00000	0.00000	0.00000	0.00000	0.00000	0.00000	0.00000	17.40000	9.70000	1.60000	245.43999	245.17999	245.17000	0.00000
21:30	3.36000	0.00000	0.00000	0.00000	0.00000	0.00000	0.00000	0.00000	17.30000	9.70000	1.60000	245.62000	245.34000	245.23000	0.00000
22:00	3.34000	0.00000	0.00000	0.00000	0.00000	0.00000	0.00000	0.00000	17.10000	9.50000	1.60000	247.83000	247.53999	247.37999	0.00000
22:30	3.32000	0.00000	0.00000	0.00000	0.00000	0.00000	0.00000	0.00000	17.20000	9.40000	1.60000	246.73000	246.45000	246.28999	0.00000
23:00	3.37000	0.00000	0.00000	0.00000	0.00000	0.00000	0.00000	0.00000	17.30000	9.50000	1.60000	248.42999	248.14000	247.92999	0.00000
23:30	3.38000	0.00000	0.00000	0.00000	0.00000	0.00000	0.00000	0.00000	17.20000	9.60000	1.60000	249.70999	249.42000	249.20999	0.00000
