TIME	AI	RI	AE	RE	kvarhLead	kvarhLag	I1	I2	I3	V1	V2	V3	F
00:15	0.00000	0.00000	0.00000	0.00000	0.00000	0.00000	0.00000	0.00000	0.00000	61.90000	61.85000	61.85000	49.99000
00:30	0.00000	0.00000	0.00000	0.00000	0.00000	0.00000	0.00000	0.00000	0.00000	61.71000	61.66000	61.66000	50.02000
00:45	0.00000	0.00000	0.00000	0.00000	0.00000	0.00000	0.00000	0.00000	0.00000	61.70000	61.65000	61.65000	50.03000
01:00	0.00000	0.00000	0.00000	0.00000	0.00000	0.00000	0.00000	0.00000	0.00000	61.60000	61.54000	61.54000	50.00000
01:15	0.00000	0.00000	0.00000	0.00000	0.00000	0.00000	0.00000	0.00000	0.00000	61.60000	61.54000	61.54000	50.00000
01:30	0.00000	0.00000	0.00000	0.00000	0.00000	0.00000	0.00000	0.00000	0.00000	61.67000	61.62000	61.62000	50.00000
01:45	0.00000	0.00000	0.00000	0.00000	0.00000	0.00000	0.00000	0.00000	0.00000	61.80000	61.75000	61.75000	50.04000
02:00	0.00000	0.00000	0.00000	0.00000	0.00000	0.00000	0.00000	0.00000	0.00000	61.91000	61.86000	61.86000	50.04000
02:15	0.00000	0.00000	0.00000	0.00000	0.00000	0.00000	0.00000	0.00000	0.00000	62.08000	62.03000	62.03000	50.03000
02:30	0.00000	0.00000	0.00000	0.00000	0.00000	0.00000	0.00000	0.00000	0.00000	61.98000	61.93000	61.93000	49.99000
02:45	0.00000	0.00000	0.00000	0.00000	0.00000	0.00000	0.00000	0.00000	0.00000	62.09000	62.04000	62.04000	50.02000
03:00	0.00000	0.00000	0.00000	0.00000	0.00000	0.00000	0.00000	0.00000	0.00000	62.12000	62.06000	62.06000	50.02000
03:15	0.00000	0.00000	0.00000	0.00000	0.00000	0.00000	0.00000	0.00000	0.00000	62.11000	62.06000	62.06000	50.00000
03:30	0.00000	0.00000	0.00000	0.00000	0.00000	0.00000	0.00000	0.00000	0.00000	62.04000	61.99000	61.99000	50.01000
03:45	0.00000	0.00000	0.00000	0.00000	0.00000	0.00000	0.00000	0.00000	0.00000	62.10000	62.05000	62.05000	49.99000
04:00	0.00000	0.00000	0.00000	0.00000	0.00000	0.00000	0.00000	0.00000	0.00000	62.12000	62.06000	62.06000	50.01000
04:15	0.00000	0.00000	0.00000	0.00000	0.00000	0.00000	0.00000	0.00000	0.00000	62.02000	61.96000	61.96000	50.00000
04:30	0.00000	0.00000	0.00000	0.00000	0.00000	0.00000	0.00000	0.00000	0.00000	61.96000	61.90000	61.90000	49.99000
04:45	0.00000	0.00000	0.00000	0.00000	0.00000	0.00000	0.00000	0.00000	0.00000	61.91000	61.86000	61.86000	49.99000
05:00	0.00000	0.00000	0.00000	0.00000	0.00000	0.00000	0.00000	0.00000	0.00000	61.82000	61.77000	61.77000	50.00000
05:15	0.00000	0.00000	0.00000	0.00000	0.00000	0.00000	0.00000	0.00000	0.00000	61.93000	61.88000	61.88000	50.01000
05:30	0.00000	0.00000	0.00000	0.00000	0.00000	0.00000	0.00000	0.00000	0.00000	61.67000	61.62000	61.62000	50.01000
05:45	0.00000	0.00000	0.00000	0.00000	0.00000	0.00000	0.00000	0.00000	0.00000	61.34000	61.29000	61.29000	50.00000
06:00	0.00000	0.00000	0.00000	0.00000	0.00000	0.00000	0.00000	0.00000	0.00000	61.21000	61.16000	61.16000	50.01000
06:15	0.00000	0.00000	0.00000	0.00000	0.00000	0.00000	0.00000	0.00000	0.00000	61.15000	61.10000	61.10000	49.93000
06:30	0.00000	0.00000	0.00000	0.00000	0.00000	0.00000	0.00000	0.00000	0.00000	60.66000	60.61000	60.61000	49.91000
06:45	0.00000	0.00000	0.00000	0.00000	0.00000	0.00000	0.00000	0.00000	0.00000	60.26000	60.21000	60.21000	49.99000
07:00	0.00000	0.00000	0.00000	0.00000	0.00000	0.00000	0.00000	0.00000	0.00000	59.89000	59.84000	59.84000	50.00000
07:15	0.00000	0.00000	0.00000	0.00000	0.00000	0.00000	0.00000	0.00000	0.00000	61.59000	61.54000	61.54000	49.99000
07:30	0.00000	0.00000	0.00000	0.00000	0.00000	0.00000	0.00000	0.00000	0.00000	61.83000	61.78000	61.78000	49.98000
07:45	0.00000	0.00000	0.00000	0.00000	0.00000	0.00000	0.00000	0.00000	0.00000	61.51000	61.46000	61.46000	49.99000
08:00	0.00000	0.00000	0.00000	0.00000	0.00000	0.00000	0.00000	0.00000	0.00000	61.28000	61.22000	61.22000	50.00000
08:15	0.00000	0.00000	0.00000	0.00000	0.00000	0.00000	0.00000	0.00000	0.00000	61.39000	61.34000	61.34000	49.96000
08:30	0.00000	0.00000	0.00000	0.00000	0.00000	0.00000	0.00000	0.00000	0.00000	61.85000	61.80000	61.80000	49.98000
08:45	0.00000	0.00000	0.00000	0.00000	0.00000	0.00000	0.00000	0.00000	0.00000	61.70000	61.65000	61.65000	49.99000
09:00	0.00000	0.00000	0.00000	0.00000	0.00000	0.00000	0.00000	0.00000	0.00000	61.60000	61.55000	61.55000	50.00000
09:15	0.00000	0.00000	0.00000	0.00000	0.00000	0.00000	0.00000	0.00000	0.00000	61.05000	61.00000	61.00000	49.99000
09:30	0.00000	0.00000	0.00000	0.00000	0.00000	0.00000	0.00000	0.00000	0.00000	60.61000	60.56000	60.56000	49.95000
09:45	0.00000	0.00000	0.00000	0.00000	0.00000	0.00000	0.00000	0.00000	0.00000	60.15000	60.10000	60.10000	50.01000
10:00	0.00000	0.00000	0.00000	0.00000	0.00000	0.00000	0.00000	0.00000	0.00000	59.89000	59.84000	59.84000	50.02000
10:15	0.00000	0.00000	0.00000	0.00000	0.00000	0.00000	0.00000	0.00000	0.00000	59.41000	59.36000	59.36000	50.05000
10:30	0.00000	0.00000	0.00000	0.00000	0.00000	0.00000	0.00000	0.00000	0.00000	60.11000	60.06000	60.05000	50.04000
10:45	0.00000	0.00000	0.00000	0.00000	0.00000	0.00000	0.00000	0.00000	0.00000	60.34000	60.29000	60.29000	50.01000
11:00	0.00000	0.00000	0.00000	0.00000	0.00000	0.00000	0.00000	0.00000	0.00000	60.20000	60.15000	60.15000	49.97000
11:15	0.00000	0.00000	0.00000	0.00000	0.00000	0.00000	0.00000	0.00000	0.00000	60.56000	60.51000	60.51000	49.97000
11:30	0.00000	0.00000	0.00000	0.00000	0.00000	0.00000	0.00000	0.00000	0.00000	60.49000	60.43000	60.43000	49.95000
11:45	0.00000	0.00000	0.00000	0.00000	0.00000	0.00000	0.00000	0.00000	0.00000	60.44000	60.39000	60.39000	49.97000
12:00	0.00000	0.00000	0.00000	0.00000	0.00000	0.00000	0.00000	0.00000	0.00000	60.49000	60.44000	60.44000	49.86000
12:15	0.00000	0.00000	0.00000	0.00000	0.00000	0.00000	0.00000	0.00000	0.00000	60.64000	60.59000	60.59000	49.98000
12:30	0.00000	0.00000	0.00000	0.00000	0.00000	0.00000	0.00000	0.00000	0.00000	60.11000	60.06000	60.06000	50.00000
12:45	0.00000	0.00000	0.00000	0.00000	0.00000	0.00000	0.00000	0.00000	0.00000	59.69000	59.64000	59.64000	49.99000
13:00	0.00000	0.00000	0.00000	0.00000	0.00000	0.00000	0.00000	0.00000	0.00000	59.87000	59.82000	59.82000	50.01000
13:15	0.00000	0.00000	0.00000	0.00000	0.00000	0.00000	0.00000	0.00000	0.00000	60.81000	60.75000	60.76000	50.09000
13:30	0.00000	0.00000	0.00000	0.00000	0.00000	0.00000	0.00000	0.00000	0.00000	61.00000	60.95000	60.95000	50.02000
13:45	0.00000	0.00000	0.00000	0.00000	0.00000	0.00000	0.00000	0.00000	0.00000	61.57000	61.51000	61.51000	50.00000
14:00	0.00000	0.00000	0.00000	0.00000	0.00000	0.00000	0.00000	0.00000	0.00000	61.82000	61.76000	61.77000	50.01000
14:15	0.00000	0.00000	0.00000	0.00000	0.00000	0.00000	0.00000	0.00000	0.00000	58.66000	58.61000	58.61000	50.50000
14:30	0.00000	0.00000	0.00000	0.00000	0.00000	0.00000	0.00000	0.00000	0.00000	60.57000	60.52000	60.52000	49.90000
14:45	0.00000	0.00000	0.00000	0.00000	0.00000	0.00000	0.00000	0.00000	0.00000	61.01000	60.96000	60.96000	49.96000
15:00	0.00000	0.00000	0.00000	0.00000	0.00000	0.00000	0.00000	0.00000	0.00000	61.13000	61.08000	61.08000	50.00000
15:15	0.00000	0.00000	0.00000	0.00000	0.00000	0.00000	0.00000	0.00000	0.00000	61.09000	61.04000	61.04000	50.04000
15:30	0.00000	0.00000	0.00000	0.00000	0.00000	0.00000	0.00000	0.00000	0.00000	60.94000	60.89000	60.89000	50.04000
15:45	0.00000	0.00000	0.00000	0.00000	0.00000	0.00000	0.00000	0.00000	0.00000	61.00000	60.95000	60.95000	50.04000
